name: fantasy
channels:
  - conda-forge
  - defaults
dependencies:
  - brotli=1.1.0=hcfcfb64_1
  - brotli-bin=1.1.0=hcfcfb64_1
  - ca-certificates=2023.7.22=h56e8100_0
  - certifi=2023.7.22=pyhd8ed1ab_0
  - contourpy=1.1.1=py39h1f6ef14_1
  - cycler=0.12.1=pyhd8ed1ab_0
  - fonttools=4.43.1=py39ha55989b_0
  - freetype=2.12.1=hdaf720e_2
  - icu=68.2=h0e60522_0
  - importlib-resources=6.1.0=pyhd8ed1ab_0
  - importlib_resources=6.1.0=pyhd8ed1ab_0
  - intel-openmp=2023.2.0=h57928b3_50497
  - joblib=1.3.2=pyhd8ed1ab_0
  - jpeg=9e=hcfcfb64_3
  - kiwisolver=1.4.5=py39h1f6ef14_1
  - lerc=3.0=hd77b12b_0
  - libblas=3.9.0=19_win64_mkl
  - libbrotlicommon=1.1.0=hcfcfb64_1
  - libbrotlidec=1.1.0=hcfcfb64_1
  - libbrotlienc=1.1.0=hcfcfb64_1
  - libcblas=3.9.0=19_win64_mkl
  - libclang=11.1.0=default_h5c34c98_1
  - libdeflate=1.17=h2bbff1b_1
  - libhwloc=2.9.3=default_haede6df_1009
  - libiconv=1.17=h8ffe710_0
  - liblapack=3.9.0=19_win64_mkl
  - libpng=1.6.39=h19919ed_0
  - libsqlite=3.43.2=hcfcfb64_0
  - libtiff=4.5.1=hd77b12b_0
  - libwebp=1.3.2=hcfcfb64_1
  - libwebp-base=1.3.2=hcfcfb64_0
  - libxml2=2.11.5=hc3477c8_1
  - libzlib=1.2.13=hcfcfb64_5
  - matplotlib=3.8.0=py39hcbf5309_2
  - matplotlib-base=3.8.0=py39hf19769e_2
  - mkl=2023.2.0=h6a75c08_50496
  - munkres=1.1.4=pyh9f0ad1d_0
  - numpy=1.26.0=py39hddb5d58_0
  - openjpeg=2.5.0=ha2aaf27_2
  - openssl=1.1.1w=hcfcfb64_0
  - packaging=23.2=pyhd8ed1ab_0
  - pandas=2.1.2=py39h32e6231_0
  - pillow=10.0.1=py39h045eedc_0
  - pip=23.3.1=pyhd8ed1ab_0
  - pthreads-win32=2.9.1=hfa6e2cd_3
  - pyparsing=3.1.1=pyhd8ed1ab_0
  - pyqt=5.12.3=py39hb0d2dfa_4
  - python=3.9.18=h6244533_0
  - python-dateutil=2.8.2=pyhd8ed1ab_0
  - python-tzdata=2023.3=pyhd8ed1ab_0
  - python_abi=3.9=2_cp39
  - pytz=2023.3.post1=pyhd8ed1ab_0
  - qt=5.12.9=h5909a2a_4
  - scikit-learn=1.3.2=py39h7c199eb_1
  - scipy=1.11.3=py39hddb5d58_1
  - setuptools=68.2.2=pyhd8ed1ab_0
  - six=1.16.0=pyh6c4a22f_0
  - sqlite=3.43.2=hcfcfb64_0
  - tbb=2021.10.0=h91493d7_2
  - threadpoolctl=3.2.0=pyha21a80b_0
  - tk=8.6.13=hcfcfb64_0
  - tornado=6.3.3=py39ha55989b_1
  - tzdata=2023c=h71feb2d_0
  - ucrt=10.0.22621.0=h57928b3_0
  - unicodedata2=15.1.0=py39ha55989b_0
  - vc=14.3=h64f974e_17
  - vc14_runtime=14.36.32532=hdcecf7f_17
  - vs2015_runtime=14.36.32532=h05e6639_17
  - wheel=0.41.3=pyhd8ed1ab_0
  - xz=5.4.2=h8cc25b3_0
  - zipp=3.17.0=pyhd8ed1ab_0
  - zlib=1.2.13=hcfcfb64_5
  - zstd=1.5.5=h12be248_0
  - pip:
      - bandit==1.7.5
      - charset-normalizer==3.3.1
      - colorama==0.4.6
      - coverage==7.3.1
      - exceptiongroup==1.1.3
      - flake8==6.1.0
      - gitdb==4.0.11
      - gitpython==3.1.40
      - idna==3.4
      - iniconfig==2.0.0
      - markdown-it-py==3.0.0
      - mccabe==0.7.0
      - mdurl==0.1.2
      - nba-api==1.3.1
      - pbr==5.11.1
      - pluggy==1.3.0
      - pyaml==23.9.7
      - pycodestyle==2.11.1
      - pyflakes==3.1.0
      - pygments==2.16.1
      - pyqt5-sip==4.19.18
      - pyqtchart==5.12
      - pyqtwebengine==5.12.1
      - pytest==7.4.2
      - python-dotenv==1.0.0
      - pyyaml==6.0.1
      - rauth==0.7.3
      - requests==2.31.0
      - rich==13.6.0
      - smmap==5.0.1
      - stevedore==5.1.0
      - stringcase==1.2.0
      - tomli==2.0.1
      - urllib3==2.0.7
      - yahoo-oauth==2.0
      - yfpy==13.0.0
prefix: C:\Users\chena\anaconda3\envs\fantasy
